0 1
0.10000000000000001 1
0.20000000000000001 1
0.30000000000000004 1
0.40000000000000002 1
0.5 1
0.59999999999999998 1
0.69999999999999996 2
0.79999999999999993 2
0.89999999999999991 2
0.99999999999999989 2
1.0999999999999999 2
1.2 4
1.3 4
1.4000000000000001 4
1.5000000000000002 4
1.6000000000000003 4
1.7000000000000004 4
1.8000000000000005 8
1.9000000000000006 8
2.0000000000000004 8
2.1000000000000005 8
2.2000000000000006 8
2.3000000000000007 10
2.4000000000000008 14
2.5000000000000009 16
2.600000000000001 16
2.7000000000000011 16
2.8000000000000012 16
2.9000000000000012 20
3.0000000000000013 20.1993
3.1000000000000014 20.3474
3.2000000000000015 20.5433
3.3000000000000016 20.592
3.4000000000000017 20.689
3.5000000000000018 20.8816
3.6000000000000019 21.025
3.700000000000002 21.2146
3.800000000000002 21.4025
3.9000000000000021 21.5424
4.0000000000000018 21.7275
4.1000000000000014 21.8653
4.2000000000000011 22.0476
4.3000000000000007 22.2285
4.4000000000000004 22.3632
4.5 22.5415
4.5999999999999996 22.6743
4.6999999999999993 22.8502
4.7999999999999989 23.0248
4.8999999999999986 23.1548
4.9999999999999982 23.3271
5.0999999999999979 23.4555
5.1999999999999975 23.6256
5.2999999999999972 23.7944
5.3999999999999968 23.9203
5.4999999999999964 24.0871
5.5999999999999961 24.2114
5.6999999999999957 24.3762
5.7999999999999954 24.5399
5.899999999999995 24.6619
5.9999999999999947 24.8237
6.0999999999999943 24.9444
6.199999999999994 25.1043
6.2999999999999936 25.2633
6.3999999999999932 25.3819
6.4999999999999929 25.5391
6.5999999999999925 25.6564
6.6999999999999922 25.8119
6.7999999999999918 25.9665
6.8999999999999915 26.0819
6.9999999999999911 26.2349
7.0999999999999908 26.3871
7.1999999999999904 26.5006
7.2999999999999901 26.6512
7.3999999999999897 26.7636
7.4999999999999893 26.9128
7.599999999999989 27.0611
7.6999999999999886 27.1718
7.7999999999999883 27.3187
7.8999999999999879 27.4284
7.9999999999999876 27.5739
8.0999999999999872 27.7187
8.1999999999999869 27.8268
8.2999999999999865 27.9703
8.3999999999999861 28.0774
8.4999999999999858 28.2196
8.5999999999999854 28.3611
8.6999999999999851 28.4667
8.7999999999999847 28.607
8.8999999999999844 28.7117
8.999999999999984 28.8508
9.0999999999999837 28.9892
9.1999999999999833 29.0925
9.2999999999999829 29.2298
9.3999999999999826 29.3323
9.4999999999999822 29.4684
9.5999999999999819 29.6039
9.6999999999999815 29.7051
9.7999999999999812 29.8396
9.8999999999999808 29.94
9.9999999999999805 30.0734
10.09999999999998 30.2062
10.19999999999998 30.3054
10.299999999999979 30.4372
10.399999999999979 30.5356
10.499999999999979 30.6664
10.599999999999978 30.7966
10.699999999999978 30.8939
10.799999999999978 31.0232
10.899999999999977 31.1519
10.999999999999977 31.2481
11.099999999999977 31.376
11.199999999999976 31.4715
11.299999999999976 31.5984
11.399999999999975 31.7248
11.499999999999975 31.8193
11.599999999999975 31.9448
11.699999999999974 32.0386
11.799999999999974 32.1633
11.899999999999974 32.2874
11.999999999999973 32.3803
12.099999999999973 32.5036
12.199999999999973 32.5958
12.299999999999972 32.7184
12.399999999999972 32.8405
12.499999999999972 32.9317
12.599999999999971 33.053
12.699999999999971 33.1437
12.799999999999971 33.2642
12.89999999999997 33.3843
12.99999999999997 33.4741
13.099999999999969 33.5934
13.199999999999969 33.6827
13.299999999999969 33.8013
13.399999999999968 33.9194
13.499999999999968 34.0078
13.599999999999968 34.1253
13.699999999999967 34.2131
13.799999999999967 34.3299
13.899999999999967 34.4462
13.999999999999966 34.5333
14.099999999999966 34.649
14.199999999999966 34.7643
14.299999999999965 34.8505
14.399999999999965 34.9651
14.499999999999964 35.0508
14.599999999999964 35.1648
14.699999999999964 35.2784
14.799999999999963 35.3634
14.899999999999963 35.4764
14.999999999999963 35.5609
15.099999999999962 35.6732
15.199999999999962 35.7852
15.299999999999962 35.869
15.399999999999961 35.9804
15.499999999999961 36.0637
15.599999999999961 36.1745
15.69999999999996 36.2849
15.79999999999996 36.3675
15.899999999999959 36.4774
15.999999999999959 36.5596
16.099999999999959 36.6689
16.19999999999996 36.7778
16.299999999999962 36.8594
16.399999999999963 36.9678
16.499999999999964 37.0488
16.599999999999966 37.1567
16.699999999999967 37.2642
16.799999999999969 37.3447
16.89999999999997 37.4517
16.999999999999972 37.5317
17.099999999999973 37.6382
17.199999999999974 37.7443
17.299999999999976 37.8238
17.399999999999977 37.9294
17.499999999999979 38.0348
17.59999999999998 38.1136
17.699999999999982 38.2184
17.799999999999983 38.2969
17.899999999999984 38.4012
17.999999999999986 38.5053
18.099999999999987 38.5831
18.199999999999989 38.6867
18.29999999999999 38.7642
18.399999999999991 38.8673
18.499999999999993 38.9701
18.599999999999994 39.047
18.699999999999996 39.1494
18.799999999999997 39.2259
18.899999999999999 39.3278
19 39.4294
19.100000000000001 39.5055
19.200000000000003 39.6066
19.300000000000004 39.6823
19.400000000000006 39.783
19.500000000000007 39.8835
19.600000000000009 39.9586
19.70000000000001 40.0586
19.800000000000011 40.1335
19.900000000000013 40.2331
20.000000000000014 40.3324
20.100000000000016 40.4067
20.200000000000017 40.5056
20.300000000000018 40.5797
20.40000000000002 40.6781
20.500000000000021 40.7764
20.600000000000023 40.8499
20.700000000000024 40.9477
20.800000000000026 41.021
20.900000000000027 41.1184
21.000000000000028 41.2156
21.10000000000003 41.2883
21.200000000000031 41.3851
21.300000000000033 41.4817
21.400000000000034 41.554
21.500000000000036 41.6501
21.600000000000037 41.7221
21.700000000000038 41.8179
21.80000000000004 41.9135
21.900000000000041 41.985
22.000000000000043 42.0802
22.100000000000044 42.1515
22.200000000000045 42.2463
22.300000000000047 42.3409
22.400000000000048 42.4117
22.50000000000005 42.5059
22.600000000000051 42.5765
22.700000000000053 42.6703
22.800000000000054 42.764
22.900000000000055 42.8341
23.000000000000057 42.9274
23.100000000000058 42.9973
23.20000000000006 43.0902
23.300000000000061 43.183
23.400000000000063 43.2524
23.500000000000064 43.3448
23.600000000000065 43.414
23.700000000000067 43.5061
23.800000000000068 43.5979
23.90000000000007 43.6667
24.000000000000071 43.7582
24.100000000000072 43.8268
24.200000000000074 43.918
24.300000000000075 44.009
24.400000000000077 44.0771
24.500000000000078 44.1678
24.60000000000008 44.2583
24.700000000000081 44.326
24.800000000000082 44.4162
24.900000000000084 44.4837
25.000000000000085 44.5736
25.100000000000087 44.6632
25.200000000000088 44.7304
25.30000000000009 44.8197
25.400000000000091 44.8866
25.500000000000092 44.9757
25.600000000000094 45.0645
25.700000000000095 45.1311
25.800000000000097 45.2196
25.900000000000098 45.286
26.000000000000099 45.3742
26.100000000000101 45.4623
26.200000000000102 45.5283
26.300000000000104 45.6161
26.400000000000105 45.6818
26.500000000000107 45.7693
26.600000000000108 45.8566
26.700000000000109 45.922
26.800000000000111 46.0091
26.900000000000112 46.0742
27.000000000000114 46.161
27.100000000000115 46.2476
27.200000000000117 46.3124
27.300000000000118 46.3987
27.400000000000119 46.4634
27.500000000000121 46.5494
27.600000000000122 46.6353
27.700000000000124 46.6996
27.800000000000125 46.7852
27.900000000000126 46.8706
28.000000000000128 46.9346
28.100000000000129 47.0197
28.200000000000131 47.0835
28.300000000000132 47.1684
28.400000000000134 47.2532
28.500000000000135 47.3166
28.600000000000136 47.4011
28.700000000000138 47.4644
28.800000000000139 47.5486
28.900000000000141 47.6326
29.000000000000142 47.6956
29.100000000000144 47.7794
29.200000000000145 47.8422
29.300000000000146 47.9257
29.400000000000148 48.0091
29.500000000000149 48.0716
29.600000000000151 48.1547
29.700000000000152 48.217
29.800000000000153 48.2999
29.900000000000155 48.3827
30.000000000000156 48.4447
30.100000000000158 48.5272
30.200000000000159 48.589
30.300000000000161 48.6712
30.400000000000162 48.7534
30.500000000000163 48.8149
30.600000000000165 48.8968
30.700000000000166 48.9581
30.800000000000168 49.0398
30.900000000000169 49.1213
31.000000000000171 49.1823
31.100000000000172 49.2636
31.200000000000173 49.3245
31.300000000000175 49.4055
31.400000000000176 49.4864
31.500000000000178 49.547
31.600000000000179 49.6277
31.70000000000018 49.7083
31.800000000000182 49.7686
31.900000000000183 49.8489
32.000000000000185 49.9091
32.100000000000186 49.9892
32.200000000000188 50.0691
32.300000000000189 50.129
32.40000000000019 50.2088
32.500000000000192 50.2685
32.600000000000193 50.348
32.700000000000195 50.4274
32.800000000000196 50.4869
32.900000000000198 50.5661
33.000000000000199 50.6254
33.1000000000002 50.7043
33.200000000000202 50.7832
33.300000000000203 50.8422
33.400000000000205 50.9209
33.500000000000206 50.9798
33.600000000000207 51.0582
33.700000000000209 51.1365
33.80000000000021 51.1951
33.900000000000212 51.2732
34.000000000000213 51.3317
34.100000000000215 51.4096
34.200000000000216 51.4873
34.300000000000217 51.5456
34.400000000000219 51.6231
34.50000000000022 51.6812
34.600000000000222 51.7586
34.700000000000223 51.8358
34.800000000000225 51.8937
34.900000000000226 51.9707
35.000000000000227 52.0476
35.100000000000229 52.1053
35.20000000000023 52.182
35.300000000000232 52.2395
35.400000000000233 52.316
35.500000000000234 52.3924
35.600000000000236 52.4496
35.700000000000237 52.5259
35.800000000000239 52.583
35.90000000000024 52.659
36.000000000000242 52.7349
36.100000000000243 52.7918
36.200000000000244 52.8675
36.300000000000246 52.9242
36.400000000000247 52.9998
36.500000000000249 53.0752
36.60000000000025 53.1317
36.700000000000252 53.2069
36.800000000000253 53.2633
36.900000000000254 53.3384
37.000000000000256 53.4133
37.100000000000257 53.4695
37.200000000000259 53.5442
37.30000000000026 53.6002
37.400000000000261 53.6748
37.500000000000263 53.7493
37.600000000000264 53.8051
37.700000000000266 53.8794
37.800000000000267 53.9351
37.900000000000269 54.0092
38.00000000000027 54.0832
38.100000000000271 54.1387
38.200000000000273 54.2125
38.300000000000274 54.2863
38.400000000000276 54.3415
38.500000000000277 54.4151
38.600000000000279 54.4702
38.70000000000028 54.5436
38.800000000000281 54.6169
38.900000000000283 54.6718
39.000000000000284 54.7449
39.100000000000286 54.7997
39.200000000000287 54.8727
39.300000000000288 54.9455
39.40000000000029 55.0001
39.500000000000291 55.0728
39.600000000000293 55.1273
39.700000000000294 55.1998
39.800000000000296 55.2722
39.900000000000297 55.3265
40.000000000000298 55.3987
40.1000000000003 55.4529
40.200000000000301 55.525
40.300000000000303 55.597
40.400000000000304 55.6509
40.500000000000306 55.7228
40.600000000000307 55.7766
40.700000000000308 55.8483
40.80000000000031 55.9198
40.900000000000311 55.9735
41.000000000000313 56.0449
41.100000000000314 56.0984
41.200000000000315 56.1697
41.300000000000317 56.2409
41.400000000000318 56.2942
41.50000000000032 56.3652
41.600000000000321 56.4361
41.700000000000323 56.4893
41.800000000000324 56.5601
41.900000000000325 56.6131
42.000000000000327 56.6837
42.100000000000328 56.7542
42.20000000000033 56.8071
42.300000000000331 56.8775
42.400000000000333 56.9302
42.500000000000334 57.0004
42.600000000000335 57.0706
42.700000000000337 57.1231
42.800000000000338 57.1931
42.90000000000034 57.2455
43.000000000000341 57.3154
43.100000000000342 57.3851
43.200000000000344 57.4374
43.300000000000345 57.507
43.400000000000347 57.5592
43.500000000000348 57.6286
43.60000000000035 57.698
43.700000000000351 57.75
43.800000000000352 57.8192
43.900000000000354 57.8711
44.000000000000355 57.9402
44.100000000000357 58.0092
44.200000000000358 58.0609
44.30000000000036 58.1297
44.400000000000361 58.1813
44.500000000000362 58.2501
44.600000000000364 58.3187
44.700000000000365 58.3701
44.800000000000367 58.4386
44.900000000000368 58.4899
45.000000000000369 58.5583
45.100000000000371 58.6266
45.200000000000372 58.6777
45.300000000000374 58.7459
45.400000000000375 58.8139
45.500000000000377 58.8649
45.600000000000378 58.9329
45.700000000000379 58.9837
45.800000000000381 59.0515
45.900000000000382 59.1192
46.000000000000384 59.17
46.100000000000385 59.2375
46.200000000000387 59.2882
46.300000000000388 59.3556
46.400000000000389 59.423
46.500000000000391 59.4734
46.600000000000392 59.5407
46.700000000000394 59.591
46.800000000000395 59.6581
46.900000000000396 59.7252
47.000000000000398 59.7754
47.100000000000399 59.8423
47.200000000000401 59.8924
47.300000000000402 59.9591
47.400000000000404 60.0258
47.500000000000405 60.0758
47.600000000000406 60.1423
47.700000000000408 60.1922
47.800000000000409 60.2586
47.900000000000411 60.325
48.000000000000412 60.3747
48.100000000000414 60.4409
48.200000000000415 60.4906
48.300000000000416 60.5567
48.400000000000418 60.6227
48.500000000000419 60.6722
48.600000000000421 60.7381
48.700000000000422 60.8039
48.800000000000423 60.8532
48.900000000000425 60.9189
49.000000000000426 60.9681
49.100000000000428 61.0337
49.200000000000429 61.0992
49.300000000000431 61.1483
49.400000000000432 61.2137
49.500000000000433 61.2627
49.600000000000435 61.328
49.700000000000436 61.3932
49.800000000000438 61.442
49.900000000000439 61.5071
50.000000000000441 61.5559
50.100000000000442 61.6208
50.200000000000443 61.6857
50.300000000000445 61.7343
50.400000000000446 61.7991
50.500000000000448 61.8476
50.600000000000449 61.9123
50.70000000000045 61.9769
50.800000000000452 62.0253
50.900000000000453 62.0897
51.000000000000455 62.138
51.100000000000456 62.2024
51.200000000000458 62.2667
51.300000000000459 62.3148
51.40000000000046 62.379
51.500000000000462 62.4271
51.600000000000463 62.4911
51.700000000000465 62.5551
51.800000000000466 62.603
51.900000000000468 62.6669
52.000000000000469 62.7307
52.10000000000047 62.7785
52.200000000000472 62.8422
52.300000000000473 62.89
52.400000000000475 62.9535
52.500000000000476 63.017
52.600000000000477 63.0646
52.700000000000479 63.128
52.80000000000048 63.1756
52.900000000000482 63.2388
53.000000000000483 63.3021
53.100000000000485 63.3495
53.200000000000486 63.4126
53.300000000000487 63.4599
53.400000000000489 63.5229
53.50000000000049 63.5858
53.600000000000492 63.633
53.700000000000493 63.6958
53.800000000000495 63.7429
53.900000000000496 63.8056
54.000000000000497 63.8683
54.100000000000499 63.9153
54.2000000000005 63.9778
54.300000000000502 64.0247
54.400000000000503 64.0872
54.500000000000504 64.1496
54.600000000000506 64.1963
54.700000000000507 64.2586
54.800000000000509 64.3053
54.90000000000051 64.3675
55.000000000000512 64.4296
55.100000000000513 64.4761
55.200000000000514 64.5381
55.300000000000516 64.5846
55.400000000000517 64.6465
55.500000000000519 64.7084
55.60000000000052 64.7547
55.700000000000522 64.8165
55.800000000000523 64.8782
55.900000000000524 64.9244
56.000000000000526 64.986
56.100000000000527 65.0321
56.200000000000529 65.0936
56.30000000000053 65.1551
56.400000000000531 65.2011
56.500000000000533 65.2624
56.600000000000534 65.3084
56.700000000000536 65.3696
56.800000000000537 65.4308
56.900000000000539 65.4766
57.00000000000054 65.5377
57.100000000000541 65.5834
57.200000000000543 65.6444
57.300000000000544 65.7053
57.400000000000546 65.751
57.500000000000547 65.8118
57.600000000000549 65.8574
57.70000000000055 65.9181
57.800000000000551 65.9787
57.900000000000553 66.0242
58.000000000000554 66.0848
58.100000000000556 66.1301
58.200000000000557 66.1906
58.300000000000558 66.251
58.40000000000056 66.2963
58.500000000000561 66.3566
58.600000000000563 66.4018
58.700000000000564 66.462
58.800000000000566 66.5222
58.900000000000567 66.5673
59.000000000000568 66.6274
59.10000000000057 66.6874
59.200000000000571 66.7323
59.300000000000573 66.7923
59.400000000000574 66.8372
59.500000000000576 66.897
59.600000000000577 66.9568
59.700000000000578 67.0016
59.80000000000058 67.0612
59.900000000000581 67.106
60.000000000000583 67.1656
60.100000000000584 67.2251
60.200000000000585 67.2697
60.300000000000587 67.3291
60.400000000000588 67.3737
60.50000000000059 67.433
60.600000000000591 67.4923
60.700000000000593 67.5368
60.800000000000594 67.596
60.900000000000595 67.6404
61.000000000000597 67.6995
61.100000000000598 67.7585
61.2000000000006 67.8028
61.300000000000601 67.8618
61.400000000000603 67.906
61.500000000000604 67.9649
61.600000000000605 68.0237
61.700000000000607 68.0678
61.800000000000608 68.1265
61.90000000000061 68.1706
62.000000000000611 68.2292
62.100000000000612 68.2878
62.200000000000614 68.3318
62.300000000000615 68.3903
62.400000000000617 68.4487
62.500000000000618 68.4926
62.60000000000062 68.5509
62.700000000000621 68.5947
62.800000000000622 68.653
62.900000000000624 68.7112
63.000000000000625 68.7549
63.100000000000627 68.8131
63.200000000000628 68.8566
63.30000000000063 68.9147
63.400000000000631 68.9727
63.500000000000632 69.0162
63.600000000000634 69.0742
63.700000000000635 69.1176
63.800000000000637 69.1754
63.900000000000638 69.2332
64.000000000000639 69.2766
64.100000000000634 69.3343
64.200000000000628 69.3775
64.300000000000622 69.4352
64.400000000000617 69.4928
64.500000000000611 69.5359
64.600000000000605 69.5934
64.7000000000006 69.6365
64.800000000000594 69.694
64.900000000000588 69.7513
65.000000000000583 69.7943
65.100000000000577 69.8516
65.200000000000571 69.8946
65.300000000000566 69.9518
65.40000000000056 70.009
65.500000000000554 70.0518
65.600000000000549 70.1089
65.700000000000543 70.1517
65.800000000000537 70.2087
65.900000000000531 70.2656
66.000000000000526 70.3083
66.10000000000052 70.3652
66.200000000000514 70.422
66.300000000000509 70.4646
66.400000000000503 70.5213
66.500000000000497 70.5639
66.600000000000492 70.6206
66.700000000000486 70.6772
66.80000000000048 70.7196
66.900000000000475 70.7762
67.000000000000469 70.8185
67.100000000000463 70.875
67.200000000000458 70.9314
67.300000000000452 70.9737
67.400000000000446 71.03
67.500000000000441 71.0723
67.600000000000435 71.1285
67.700000000000429 71.1848
67.800000000000423 71.2269
67.900000000000418 71.283
68.000000000000412 71.3251
68.100000000000406 71.3812
68.200000000000401 71.4372
68.300000000000395 71.4792
68.400000000000389 71.5351
68.500000000000384 71.5771
68.600000000000378 71.6329
68.700000000000372 71.6888
68.800000000000367 71.7306
68.900000000000361 71.7863
69.000000000000355 71.8281
69.10000000000035 71.8838
69.200000000000344 71.9394
69.300000000000338 71.9811
69.400000000000333 72.0367
69.500000000000327 72.0922
69.600000000000321 72.1338
69.700000000000315 72.1892
69.80000000000031 72.2308
69.900000000000304 72.2861
70.000000000000298 72.3415
70.100000000000293 72.3829
70.200000000000287 72.4382
70.300000000000281 72.4796
70.400000000000276 72.5347
70.50000000000027 72.5899
70.600000000000264 72.6312
70.700000000000259 72.6863
70.800000000000253 72.7275
70.900000000000247 72.7825
71.000000000000242 72.8374
71.100000000000236 72.8786
71.20000000000023 72.9335
71.300000000000225 72.9746
71.400000000000219 73.0294
71.500000000000213 73.0842
71.600000000000207 73.1252
71.700000000000202 73.1799
71.800000000000196 73.2209
71.90000000000019 73.2755
72.000000000000185 73.3301
72.100000000000179 73.371
72.200000000000173 73.4255
72.300000000000168 73.4663
72.400000000000162 73.5208
72.500000000000156 73.5752
72.600000000000151 73.6159
72.700000000000145 73.6702
72.800000000000139 73.7245
72.900000000000134 73.7652
73.000000000000128 73.8194
73.100000000000122 73.8601
73.200000000000117 73.9142
73.300000000000111 73.9683
73.400000000000105 74.0088
73.500000000000099 74.0629
73.600000000000094 74.1034
73.700000000000088 74.1573
73.800000000000082 74.2113
73.900000000000077 74.2517
74.000000000000071 74.3055
74.100000000000065 74.3459
74.20000000000006 74.3997
74.300000000000054 74.4534
74.400000000000048 74.4937
74.500000000000043 74.5474
74.600000000000037 74.5876
74.700000000000031 74.6413
74.800000000000026 74.6948
74.90000000000002 74.735
75.000000000000014 74.7885
75.100000000000009 74.8286
75.200000000000003 74.882
75.299999999999997 74.9354
75.399999999999991 74.9755
75.499999999999986 75.0288
75.59999999999998 75.0688
75.699999999999974 75.1221
75.799999999999969 75.1753
75.899999999999963 75.2152
75.999999999999957 75.2684
76.099999999999952 75.3082
76.199999999999946 75.3613
76.29999999999994 75.4144
76.399999999999935 75.4541
76.499999999999929 75.5071
76.599999999999923 75.5601
76.699999999999918 75.5998
76.799999999999912 75.6527
76.899999999999906 75.6923
76.999999999999901 75.7452
77.099999999999895 75.798
77.199999999999889 75.8375
77.299999999999883 75.8903
77.399999999999878 75.9298
77.499999999999872 75.9825
77.599999999999866 76.0351
77.699999999999861 76.0745
77.799999999999855 76.1271
77.899999999999849 76.1665
77.999999999999844 76.219
78.099999999999838 76.2715
78.199999999999832 76.3108
78.299999999999827 76.3632
78.399999999999821 76.4025
78.499999999999815 76.4548
78.59999999999981 76.5071
78.699999999999804 76.5463
78.799999999999798 76.5986
78.899999999999793 76.6377
78.999999999999787 76.6899
79.099999999999781 76.7421
79.199999999999775 76.7812
79.29999999999977 76.8332
79.399999999999764 76.8723
79.499999999999758 76.9243
79.599999999999753 76.9763
79.699999999999747 77.0153
79.799999999999741 77.0672
79.899999999999736 77.1191
79.99999999999973 77.158
80.099999999999724 77.2098
80.199999999999719 77.2486
80.299999999999713 77.3004
80.399999999999707 77.3521
80.499999999999702 77.3909
80.599999999999696 77.4426
80.69999999999969 77.4813
80.799999999999685 77.5329
80.899999999999679 77.5845
80.999999999999673 77.6232
81.099999999999667 77.6747
81.199999999999662 77.7133
81.299999999999656 77.7648
81.39999999999965 77.8162
81.499999999999645 77.8547
81.599999999999639 77.9061
81.699999999999633 77.9446
81.799999999999628 77.9959
81.899999999999622 78.0472
81.999999999999616 78.0856
82.099999999999611 78.1368
82.199999999999605 78.1752
82.299999999999599 78.2264
82.399999999999594 78.2775
82.499999999999588 78.3158
82.599999999999582 78.3669
82.699999999999577 78.4051
82.799999999999571 78.4561
82.899999999999565 78.5071
82.999999999999559 78.5453
83.099999999999554 78.5962
83.199999999999548 78.6471
83.299999999999542 78.6853
83.399999999999537 78.7361
83.499999999999531 78.7742
83.599999999999525 78.8249
83.69999999999952 78.8757
83.799999999999514 78.9137
83.899999999999508 78.9644
83.999999999999503 79.0024
84.099999999999497 79.053
84.199999999999491 79.1036
84.299999999999486 79.1415
84.39999999999948 79.192
84.499999999999474 79.2299
84.599999999999469 79.2804
84.699999999999463 79.3308
84.799999999999457 79.3686
84.899999999999451 79.419
84.999999999999446 79.4568
85.09999999999944 79.5071
85.199999999999434 79.5574
85.299999999999429 79.5951
85.399999999999423 79.6454
85.499999999999417 79.683
85.599999999999412 79.7332
85.699999999999406 79.7834
85.7999999999994 79.821
85.899999999999395 79.8711
85.999999999999389 79.9086
86.099999999999383 79.9587
86.199999999999378 80.0087
86.299999999999372 80.0462
86.399999999999366 80.0961
86.499999999999361 80.1336
86.599999999999355 80.1835
86.699999999999349 80.2333
86.799999999999343 80.2707
86.899999999999338 80.3206
86.999999999999332 80.3703
87.099999999999326 80.4077
87.199999999999321 80.4574
87.299999999999315 80.4947
87.399999999999309 80.5444
87.499999999999304 80.594
87.599999999999298 80.6312
87.699999999999292 80.6808
87.799999999999287 80.718
87.899999999999281 80.7675
87.999999999999275 80.8171
88.09999999999927 80.8542
88.199999999999264 80.9036
88.299999999999258 80.9407
88.399999999999253 80.9901
88.499999999999247 81.0395
88.599999999999241 81.0765
88.699999999999235 81.1258
88.79999999999923 81.1628
88.899999999999224 81.2121
88.999999999999218 81.2613
89.099999999999213 81.2982
89.199999999999207 81.3474
89.299999999999201 81.3843
89.399999999999196 81.4334
89.49999999999919 81.4825
89.599999999999184 81.5194
89.699999999999179 81.5684
89.799999999999173 81.6052
89.899999999999167 81.6542
89.999999999999162 81.7032
90.099999999999156 81.7399
90.19999999999915 81.7888
90.299999999999145 81.8377
90.399999999999139 81.8744
90.499999999999133 81.9232
90.599999999999127 81.9598
90.699999999999122 82.0086
90.799999999999116 82.0574
90.89999999999911 82.0939
90.999999999999105 82.1426
91.099999999999099 82.1792
91.199999999999093 82.2278
91.299999999999088 82.2765
91.399999999999082 82.3129
91.499999999999076 82.3615
91.599999999999071 82.3979
91.699999999999065 82.4464
91.799999999999059 82.495
91.899999999999054 82.5313
91.999999999999048 82.5798
92.099999999999042 82.6161
92.199999999999037 82.6645
92.299999999999031 82.7129
92.399999999999025 82.7491
92.499999999999019 82.7975
92.599999999999014 82.8337
92.699999999999008 82.882
92.799999999999002 82.9302
92.899999999998997 82.9664
92.999999999998991 83.0146
93.099999999998985 83.0507
93.19999999999898 83.0989
93.299999999998974 83.147
93.399999999998968 83.1831
93.499999999998963 83.2312
93.599999999998957 83.2792
93.699999999998951 83.3152
93.799999999998946 83.3632
93.89999999999894 83.3992
93.999999999998934 83.4472
94.099999999998929 83.4951
94.199999999998923 83.531
94.299999999998917 83.5789
94.399999999998911 83.6148
94.499999999998906 83.6626
94.5999999999989 83.7104
94.699999999998894 83.7462
94.799999999998889 83.794
94.899999999998883 83.8298
94.999999999998877 83.8775
95.099999999998872 83.9252
95.199999999998866 83.9609
95.29999999999886 84.0085
95.399999999998855 84.0443
95.499999999998849 84.0918
95.599999999998843 84.1394
95.699999999998838 84.175
95.799999999998832 84.2226
95.899999999998826 84.2582
95.99999999999882 84.3056
96.099999999998815 84.3531
96.199999999998809 84.3886
96.299999999998803 84.436
96.399999999998798 84.4715
96.499999999998792 84.5189
96.599999999998786 84.5662
96.699999999998781 84.6017
96.799999999998775 84.6489
96.899999999998769 84.6844
96.999999999998764 84.7316
97.099999999998758 84.7788
97.199999999998752 84.8142
97.299999999998747 84.8613
97.399999999998741 84.9085
97.499999999998735 84.9438
97.59999999999873 84.9909
97.699999999998724 85.0262
97.799999999998718 85.0732
97.899999999998712 85.1202
97.999999999998707 85.1554
98.099999999998701 85.2024
98.199999999998695 85.2376
98.29999999999869 85.2845
98.399999999998684 85.3314
98.499999999998678 85.3666
98.599999999998673 85.4134
98.699999999998667 85.4485
98.799999999998661 85.4953
98.899999999998656 85.5421
98.99999999999865 85.5772
99.099999999998644 85.6239
99.199999999998639 85.6589
99.299999999998633 85.7056
99.399999999998627 85.7523
99.499999999998622 85.7873
99.599999999998616 85.8339
99.69999999999861 85.8688
99.799999999998604 85.9154
99.899999999998599 85.962
99.999999999998593 85.9969
100.09999999999859 86.0434
100.19999999999858 86.0782
100.29999999999858 86.1247
100.39999999999857 86.1711
100.49999999999856 86.2059
100.59999999999856 86.2291
100.69999999999855 86.2291
100.79999999999855 86.2291
100.89999999999854 86.2291
100.99999999999854 86.2291
101.09999999999853 86.2291
101.19999999999852 1
101.29999999999852 1
101.39999999999851 1
101.49999999999851 1
101.5999999999985 1
101.6999999999985 1
101.79999999999849 1
101.89999999999849 1
101.99999999999848 1
102.09999999999847 1
102.19999999999847 1
102.29999999999846 1
102.39999999999846 1
102.49999999999845 1
102.59999999999845 1
102.69999999999844 1
102.79999999999843 1
102.89999999999843 1
102.99999999999842 1
103.09999999999842 1
103.19999999999841 1
103.29999999999841 1
103.3999999999984 1
103.49999999999839 1
103.59999999999839 1
103.69999999999838 1
103.79999999999838 1
103.89999999999837 1
103.99999999999837 1
104.09999999999836 1
104.19999999999835 1
104.29999999999835 1
104.39999999999834 1
104.49999999999834 1
104.59999999999833 1
104.69999999999833 1
104.79999999999832 1
104.89999999999831 1
104.99999999999831 1
105.0999999999983 1
105.1999999999983 1
105.29999999999829 1
105.39999999999829 1
105.49999999999828 1
105.59999999999827 1
105.69999999999827 1
105.79999999999826 1
105.89999999999826 1
105.99999999999825 1
106.09999999999825 1
106.19999999999824 1
106.29999999999824 1
106.39999999999823 1
106.49999999999822 1
106.59999999999822 1
106.69999999999821 1
106.79999999999821 1
106.8999999999982 1
106.9999999999982 1
107.09999999999819 1
107.19999999999818 1
107.29999999999818 1
107.39999999999817 1
107.49999999999817 1
107.59999999999816 1
107.69999999999816 1
107.79999999999815 1
107.89999999999814 1
107.99999999999814 1
108.09999999999813 1
108.19999999999813 1
108.29999999999812 1
108.39999999999812 1
108.49999999999811 1
108.5999999999981 1
108.6999999999981 1
108.79999999999809 1
108.89999999999809 1
108.99999999999808 1
109.09999999999808 1
109.19999999999807 1
109.29999999999806 1
109.39999999999806 1
109.49999999999805 1
109.59999999999805 1
109.69999999999804 1
109.79999999999804 1
109.89999999999803 1
109.99999999999802 1
110.09999999999802 1
110.19999999999801 1
110.29999999999801 1
110.399999999998 1
110.499999999998 1
110.59999999999799 1
110.69999999999798 1
110.79999999999798 1
110.89999999999797 1
110.99999999999797 1
111.09999999999796 1
111.19999999999796 1
111.29999999999795 1
111.39999999999795 1
111.49999999999794 1
111.59999999999793 1
111.69999999999793 1
111.79999999999792 1
111.89999999999792 1
111.99999999999791 1
112.09999999999791 1
112.1999999999979 1
112.29999999999789 1
112.39999999999789 1
112.49999999999788 1
112.59999999999788 1
112.69999999999787 1
112.79999999999787 1
112.89999999999786 1
112.99999999999785 1
113.09999999999785 1
113.19999999999784 1
113.29999999999784 1
113.39999999999783 1
113.49999999999783 1
113.59999999999782 1
113.69999999999781 1
113.79999999999781 1
113.8999999999978 1
113.9999999999978 1
114.09999999999779 1
114.19999999999779 1
114.29999999999778 1
114.39999999999777 1
114.49999999999777 1
114.59999999999776 1
114.69999999999776 1
114.79999999999775 1
114.89999999999775 1
114.99999999999774 1
115.09999999999773 1
115.19999999999773 1
115.29999999999772 1
115.39999999999772 1
115.49999999999771 1
115.59999999999771 1
115.6999999999977 1
115.79999999999769 1
115.89999999999769 1
115.99999999999768 1
116.09999999999768 1
116.19999999999767 1
116.29999999999767 1
116.39999999999766 1
116.49999999999766 1
116.59999999999765 1
116.69999999999764 1
116.79999999999764 1
116.89999999999763 1
116.99999999999763 1
117.09999999999762 1
117.19999999999762 1
117.29999999999761 1
117.3999999999976 1
117.4999999999976 1
117.59999999999759 1
117.69999999999759 1
117.79999999999758 1
117.89999999999758 1
117.99999999999757 1
118.09999999999756 1
118.19999999999756 1
118.29999999999755 1
118.39999999999755 1
118.49999999999754 1
118.59999999999754 1
118.69999999999753 1
118.79999999999752 1
118.89999999999752 1
118.99999999999751 1
119.09999999999751 1
119.1999999999975 1
119.2999999999975 1
119.39999999999749 1
119.49999999999748 1
119.59999999999748 1
119.69999999999747 1
119.79999999999747 1
119.89999999999746 1
119.99999999999746 1
120.09999999999745 1
120.19999999999744 1
120.29999999999744 1
120.39999999999743 1
120.49999999999743 1
120.59999999999742 1
120.69999999999742 1
120.79999999999741 1
120.89999999999741 1
120.9999999999974 1
121.09999999999739 1
121.19999999999739 1
121.29999999999738 1
121.39999999999738 1
121.49999999999737 1
121.59999999999737 1
121.69999999999736 1
121.79999999999735 1
121.89999999999735 1
121.99999999999734 1
122.09999999999734 1
122.19999999999733 1
122.29999999999733 1
122.39999999999732 1
122.49999999999731 1
122.59999999999731 1
122.6999999999973 1
122.7999999999973 1
122.89999999999729 1
122.99999999999729 1
123.09999999999728 1
123.19999999999727 1
123.29999999999727 1
123.39999999999726 1
123.49999999999726 1
123.59999999999725 1
123.69999999999725 1
123.79999999999724 1
123.89999999999723 1
123.99999999999723 1
124.09999999999722 1
124.19999999999722 1
124.29999999999721 1
124.39999999999721 1
124.4999999999972 1
124.59999999999719 1
124.69999999999719 1
124.79999999999718 1
124.89999999999718 1
124.99999999999717 1
