M 2.00000 0 (791.91, 650.52, 0.00), (46.26, 541.28), 2.08
M 2.00000 1 (137.68, 356.62, 0.00), (567.71, 182.61), 4.24
M 2.00000 2 (758.61, 629.93, 0.00), (81.68, 580.89), 5.15
M 2.00000 3 (220.85, 395.40, 0.00), (359.65, 98.88), 1.49
M 2.00000 4 (513.82, 99.24, 0.00), (382.21, 470.86), 0.51
M 111.28338 1 (567.71, 182.61, 0.00), (567.71, 182.61), 0.00
M 113.28338 1 (567.71, 182.61, 0.00), (474.58, 268.00), 1.45
M 133.87305 2 (81.68, 580.89, 0.00), (81.68, 580.89), 0.00
M 135.87305 2 (81.68, 580.89, 0.00), (681.30, 256.93), 7.89
M 200.69341 1 (474.58, 268.00, 0.00), (474.58, 268.00), 0.00
M 202.69341 1 (474.58, 268.00, 0.00), (46.55, 43.21), 5.19
M 221.30466 3 (359.65, 98.88, 0.00), (359.65, 98.88), 0.00
M 222.23721 2 (681.30, 256.93, 0.00), (681.30, 256.93), 0.00
M 223.30466 3 (359.65, 98.88, 0.00), (336.47, 419.61), 1.94
M 224.23721 2 (681.30, 256.93, 0.00), (108.13, 517.29), 3.84
M 295.76394 1 (46.55, 43.21, 0.00), (46.55, 43.21), 0.00
M 297.76394 1 (46.55, 43.21, 0.00), (503.32, 241.99), 1.39

Number of tcp packets (1040) sent = 5078 
Number of AODV packets sent = 181 
Number of dropped packets = 34 
Number of TCP dropped packets = 15 

